INSTANCE_NAME|ROOT|PRIM_SOL|GAP_Prim|KRUSKAL_SOL|GAP_KRUSKAL|OPTIMAL_SOL
bayg29|(1150.0, 1760.0)|2181.0|571.0|2159.0|549.0|1610
bayg29|(630.0, 1660.0)|2072.0|462.0|2091.0|481.0|1610
bayg29|(40.0, 2090.0)|2189.0|579.0|2170.0|560.0|1610
bayg29|(750.0, 1100.0)|2245.0|635.0|2125.0|515.0|1610
bayg29|(750.0, 2030.0)|2264.0|654.0|2235.0|625.0|1610
bayg29|(1030.0, 2070.0)|2177.0|567.0|2188.0|578.0|1610
bayg29|(1650.0, 650.0)|2190.0|580.0|2169.0|559.0|1610
bayg29|(1490.0, 1630.0)|2174.0|564.0|2130.0|520.0|1610
bayg29|(790.0, 2260.0)|2029.0|419.0|2062.0|452.0|1610
bayg29|(710.0, 1310.0)|1984.0|374.0|1898.0|288.0|1610
bayg29|(840.0, 550.0)|2147.0|537.0|2150.0|540.0|1610
bayg29|(1170.0, 2300.0)|2222.0|612.0|2081.0|471.0|1610
bayg29|(970.0, 1340.0)|2187.0|577.0|2138.0|528.0|1610
bayg29|(510.0, 700.0)|2293.0|683.0|2136.0|526.0|1610
bayg29|(750.0, 900.0)|2016.0|406.0|2101.0|491.0|1610
bayg29|(1280.0, 1200.0)|2163.0|553.0|2156.0|546.0|1610
bayg29|(230.0, 590.0)|2210.0|600.0|2146.0|536.0|1610
bayg29|(460.0, 860.0)|2182.0|572.0|2089.0|479.0|1610
bayg29|(1040.0, 950.0)|1943.0|333.0|2149.0|539.0|1610
bayg29|(590.0, 1390.0)|2195.0|585.0|2215.0|605.0|1610
bayg29|(830.0, 1770.0)|2161.0|551.0|2209.0|599.0|1610
bayg29|(490.0, 500.0)|2119.0|509.0|2092.0|482.0|1610
bayg29|(1840.0, 1240.0)|1804.0|194.0|2121.0|511.0|1610
bayg29|(1260.0, 1500.0)|2176.0|566.0|2231.0|621.0|1610
bayg29|(1280.0, 790.0)|1770.0|160.0|2078.0|468.0|1610
bayg29|(490.0, 2130.0)|2262.0|652.0|2161.0|551.0|1610
bayg29|(1460.0, 1420.0)|2169.0|559.0|2112.0|502.0|1610
bayg29|(1260.0, 1910.0)|2200.0|590.0|2100.0|490.0|1610
bayg29|(360.0, 1980.0)|2206.0|596.0|2108.0|498.0|1610
